[1, 1, 1, 1, 1, 1, 1, 1, 1, 1, 1, 1, 1, 1, 1, 1],    //  |
[1, 0, 0, 0, 0, 0, 0, 0, 0, 0, 0, 0, 0, 0, 'X', 1],  //  |
[1, 0, 0, 0, 0, 0, 0, 1, 0, 0, 0, 0, 0, 0, 0, 1],    //  |
[1, 0, 0, 0, 0, 0, 0, 1, 0, 0, 0, 0, 0, 0, 0, 1],    //  |
[1, 0, 0, 0, 0, 0, 0, 'b', 0, 0, 0, 0, 0, 0, 0, 1],    //  |
        [1, 0, 1, 0, 0, 0, 0, 1, 'H', 1, 1, 1, 1, 1, 0, 1],    //  |  
        [1, 0, 1, 0, 0, 0, 0, 0, 0, 0, 0, 0, 0, 1, 0, 1],    //  |
        [1, 'X', 1, 0, 0, 0, 0, 'w', 0, 0, 0, 0, 'b', 0, 0, 1],    //  |
        [1, 0, 0, 0, 0, 0, 0, 0, 0, 0, 0, 0, 0, 1, 0, 1],    //  |
        [1, 0, 0, 0, 0, 'b', 0, 0, 0, 0, 0, 0, 0, 1, 0, 1],    //  |
        [1, 0, 0, 0, 0, 0, 0, 0, 0, 0, 0, 0, 0, 1, 0, 1],
        [1, 0, 0, 0, 0, 0, 0, 0, 0, 0, 0, 0, 0, 1, 'X', 1],//  |
        [1, 1, 1, 1, 1, 1, 1, 1, 1, 1, 1, 1, 1, 1, 1, 1]     